Actual_Species,Predicted_Species,Model
Iris-versicolor,Iris-versicolor,Random Forest
Iris-setosa,Iris-setosa,Random Forest
Iris-virginica,Iris-virginica,Random Forest
Iris-versicolor,Iris-versicolor,Random Forest
Iris-versicolor,Iris-versicolor,Random Forest
Iris-setosa,Iris-setosa,Random Forest
Iris-versicolor,Iris-versicolor,Random Forest
Iris-virginica,Iris-virginica,Random Forest
Iris-versicolor,Iris-versicolor,Random Forest
Iris-versicolor,Iris-versicolor,Random Forest
Iris-virginica,Iris-virginica,Random Forest
Iris-setosa,Iris-setosa,Random Forest
Iris-setosa,Iris-setosa,Random Forest
Iris-setosa,Iris-setosa,Random Forest
Iris-setosa,Iris-setosa,Random Forest
Iris-versicolor,Iris-versicolor,Random Forest
Iris-virginica,Iris-virginica,Random Forest
Iris-versicolor,Iris-versicolor,Random Forest
Iris-versicolor,Iris-versicolor,Random Forest
Iris-virginica,Iris-virginica,Random Forest
Iris-setosa,Iris-setosa,Random Forest
Iris-virginica,Iris-virginica,Random Forest
Iris-setosa,Iris-setosa,Random Forest
Iris-virginica,Iris-virginica,Random Forest
Iris-virginica,Iris-virginica,Random Forest
Iris-virginica,Iris-virginica,Random Forest
Iris-virginica,Iris-virginica,Random Forest
Iris-virginica,Iris-virginica,Random Forest
Iris-setosa,Iris-setosa,Random Forest
Iris-setosa,Iris-setosa,Random Forest
